40.745 22.427 32.579 4.820
71.349 48.669 48.775 3.090
54.355 35.444 34.443 2.200
44.441 18.128 62.011 1.310
25.756 59.373 56.841 3.000
34.972 32.759 36.806 4.180
69.938 63.584 48.007 3.830
47.589 22.821 40.079 1.200
54.857 88.466 44.480 1.290
66.876 23.411 42.044 2.610
22.714 50.075 77.735 2.180
62.837 26.242 72.629 1.930
16.088 56.825 28.606 2.120
35.316 83.853 24.449 4.210
32.272 23.782 28.241 4.720
60.458 12.594 96.970 2.620
38.795 79.210 37.236 4.620
67.424 80.527 56.674 2.290
32.808 43.961 86.345 2.910
39.144 37.883 85.135 1.900
60.732 31.781 48.991 3.560
28.472 72.139 6.373 4.920
49.486 29.484 53.248 3.410
21.398 84.864 28.015 2.430
31.043 16.454 46.430 3.590
60.105 67.654 8.084 1.490
52.973 39.789 48.706 4.550
67.329 69.098 77.333 3.010
40.440 27.857 74.995 2.800
32.350 48.164 41.163 3.340
40.788 23.379 69.415 3.500
24.349 82.844 41.410 1.290
37.792 3.647 55.434 3.730
1.655 85.131 53.569 1.970
75.646 89.517 57.071 3.860
52.164 45.816 31.093 4.290
8.670 60.215 31.232 4.220
53.551 71.159 55.264 3.210
74.564 7.851 73.183 3.080
33.116 15.251 72.986 1.570
50.829 44.877 38.764 4.100
59.209 49.283 67.645 2.090
44.278 48.596 40.357 2.990
46.001 73.150 31.257 2.140
14.327 61.984 75.068 1.540
51.317 58.652 25.234 3.520
38.044 21.594 60.354 1.220
48.522 40.820 22.219 3.990
65.509 19.528 67.078 2.270
77.848 49.414 56.369 1.000
66.995 45.688 37.405 3.040
57.614 44.397 5.616 1.190
50.664 22.200 84.467 2.100
49.835 84.255 22.952 3.830
43.034 14.221 90.376 1.250
69.129 51.057 32.707 4.360
54.889 31.477 66.178 1.020
69.805 87.378 49.856 1.990
33.347 61.356 56.419 3.960
29.077 18.871 73.227 2.270
45.273 54.673 21.104 1.410
32.477 49.869 66.166 2.440
85.490 56.289 15.221 2.080
28.154 82.070 37.572 4.370
65.427 62.496 67.620 2.250
32.656 31.012 66.598 4.160
33.943 10.944 79.987 4.570
83.509 70.577 69.382 2.740
43.024 53.014 32.166 4.640
57.631 47.491 24.471 2.510
62.436 67.882 86.904 4.860
76.494 25.061 14.365 1.360
41.654 37.514 26.868 3.750
42.150 40.900 33.866 2.980
72.151 59.650 34.712 2.550
46.909 63.411 46.135 3.530
14.009 50.632 24.383 3.820
45.823 55.736 54.043 1.020
50.540 51.253 35.742 1.670
57.137 56.362 27.251 3.850
8.791 84.314 41.155 3.670
35.229 10.624 61.773 4.860
38.450 11.203 57.280 4.040
48.366 30.472 31.456 4.800
14.045 63.298 17.136 3.810
66.977 65.159 9.656 2.190
67.797 92.984 45.280 1.420
21.017 58.793 51.679 4.130
53.795 62.558 81.040 3.580
89.353 60.750 51.052 1.190
36.458 9.161 25.443 2.440
35.309 25.075 34.085 4.830
28.451 28.004 63.546 3.000
35.654 13.693 39.235 2.730
67.199 73.523 65.718 2.830
34.993 61.987 25.556 1.840
21.536 48.068 60.466 2.470
79.907 50.559 38.479 2.480
27.198 31.878 66.698 1.210
83.661 70.410 56.389 4.070
